1 1
2 1
3 1
4 1
5 1
6 1
7 1
8 1
9 1
10 2
11 3
12 3
13 3
14 3
15 3
16 3
17 3
18 3
19 3
20 4
21 5
22 6
23 6
24 6
25 6
26 6
27 6
28 6
29 6
30 7
31 8
32 9
33 10
34 10
35 10
36 10
37 10
38 10
39 10
40 11
41 12
42 13
43 14
44 15
45 15
46 15
47 15
48 15
49 15
50 16
51 17
52 18
53 19
54 20
55 21
56 21
57 21
58 21
59 21
60 22
61 23
62 24
63 25
64 26
65 27
66 28
67 28
68 28
69 28
70 29
71 30
72 31
73 32
74 33
75 34
76 35
77 36
78 36
79 36
80 37
81 38
82 39
83 40
84 41
85 42
86 43
87 44
88 45
89 45
90 46
91 47
92 48
93 49
94 50
95 51
96 52
97 53
98 54
99 55
100 57
101 59
102 60
103 61
104 62
105 63
106 64
107 65
108 66
109 67
110 71
111 75
112 77
113 78
114 79
115 80
116 81
117 82
118 83
119 84
120 88
121 94
122 98
123 100
124 101
125 102
126 103
127 104
128 105
129 106
130 110
131 116
132 122
133 126
134 128
135 129
136 130
137 131
138 132
139 133
140 137
141 143
142 149
143 155
144 159
145 161
146 162
147 163
148 164
149 165
150 169
151 175
152 181
153 187
154 193
155 197
156 199
157 200
158 201
159 202
160 206
161 212
162 218
163 224
164 230
165 236
166 240
167 242
168 243
169 244
170 248
171 254
172 260
173 266
174 272
175 278
176 284
177 288
178 290
179 291
180 295
181 301
182 307
183 313
184 319
185 325
186 331
187 337
188 341
189 343
190 347
191 353
192 359
193 365
194 371
195 377
196 383
197 389
198 395
199 399
200 405
201 412
202 419
203 425
204 431
205 437
206 443
207 449
208 455
209 461
210 470
211 481
212 490
213 497
214 503
215 509
216 515
217 521
218 527
219 533
220 545
221 560
222 574
223 583
224 590
225 596
226 602
227 608
228 614
229 620
230 632
231 650
232 668
233 682
234 691
235 698
236 704
237 710
238 716
239 722
240 734
241 752
242 773
243 791
244 805
245 814
246 821
247 827
248 833
249 839
250 851
251 869
252 890
253 911
254 929
255 943
256 952
257 959
258 965
259 971
260 983
261 1001
262 1022
263 1043
264 1064
265 1082
266 1096
267 1105
268 1112
269 1118
270 1130
271 1148
272 1169
273 1190
274 1211
275 1232
276 1250
277 1264
278 1273
279 1280
280 1292
281 1310
282 1331
283 1352
284 1373
285 1394
286 1415
287 1433
288 1447
289 1456
290 1469
291 1487
292 1508
293 1529
294 1550
295 1571
296 1592
297 1613
298 1631
299 1645
300 1661
301 1681
302 1703
303 1725
304 1746
305 1767
306 1788
307 1809
308 1830
309 1848
310 1870
311 1895
312 1921
313 1945
314 1967
315 1988
316 2009
317 2030
318 2051
319 2072
320 2099
321 2132
322 2165
323 2194
324 2218
325 2240
326 2261
327 2282
328 2303
329 2324
330 2355
331 2394
332 2436
333 2473
334 2502
335 2526
336 2548
337 2569
338 2590
339 2611
340 2642
341 2685
342 2733
343 2779
344 2816
345 2845
346 2869
347 2891
348 2912
349 2933
350 2964
351 3007
352 3059
353 3111
354 3157
355 3194
356 3223
357 3247
358 3269
359 3290
360 3321
361 3364
362 3416
363 3472
364 3524
365 3570
366 3607
367 3636
368 3660
369 3682
370 3713
371 3756
372 3808
373 3864
374 3920
375 3972
376 4018
377 4055
378 4084
379 4108
380 4140
381 4183
382 4235
383 4291
384 4347
385 4403
386 4455
387 4501
388 4538
389 4567
390 4601
391 4645
392 4697
393 4753
394 4809
395 4865
396 4921
397 4973
398 5019
399 5056
400 5096
401 5143
402 5197
403 5254
404 5311
405 5367
406 5423
407 5479
408 5531
409 5577
410 5626
411 5681
412 5740
413 5801
414 5860
415 5917
416 5973
417 6029
418 6085
419 6137
420 6196
421 6262
422 6332
423 6400
424 6464
425 6523
426 6580
427 6636
428 6692
429 6748
430 6814
431 6892
432 6975
433 7056
434 7128
435 7192
436 7251
437 7308
438 7364
439 7420
440 7491
441 7577
442 7673
443 7768
444 7854
445 7926
446 7990
447 8049
448 8106
449 8162
450 8233
451 8324
452 8428
453 8536
454 8636
455 8722
456 8794
457 8858
458 8917
459 8974
460 9045
461 9136
462 9245
463 9361
464 9474
465 9574
466 9660
467 9732
468 9796
469 9855
470 9927
471 10018
472 10127
473 10248
474 10369
475 10482
476 10582
477 10668
478 10740
479 10804
480 10878
481 10970
482 11079
483 11200
484 11326
485 11447
486 11560
487 11660
488 11746
489 11818
490 11897
491 11991
492 12101
493 12222
494 12348
495 12474
496 12595
497 12708
498 12808
499 12894
500 12982
501 13082
502 13195
503 13318
504 13445
505 13572
506 13698
507 13819
508 13932
509 14032
510 14135
511 14246
512 14367
513 14495
514 14626
515 14755
516 14882
517 15008
518 15129
519 15242
520 15360
521 15488
522 15623
523 15762
524 15900
525 16034
526 16163
527 16290
528 16416
529 16537
530 16669
531 16814
532 16969
533 17125
534 17276
535 17418
536 17552
537 17681
538 17808
539 17934
540 18075
541 18236
542 18410
543 18588
544 18758
545 18914
546 19056
547 19190
548 19319
549 19446
550 19593
551 19764
552 19955
553 20153
554 20346
555 20522
556 20678
557 20820
558 20954
559 21083
560 21231
561 21408
562 21609
563 21824
564 22037
565 22236
566 22412
567 22568
568 22710
569 22844
570 22994
571 23172
572 23379
573 23604
574 23834
575 24053
576 24252
577 24428
578 24584
579 24726
580 24881
581 25061
582 25269
583 25500
584 25740
585 25976
586 26195
587 26394
588 26570
589 26726
590 26889
591 27074
592 27284
593 27516
594 27762
595 28008
596 28244
597 28463
598 28662
599 28838
600 29016
601 29210
602 29426
603 29661
604 29909
605 30162
606 30409
607 30645
608 30864
609 31063
610 31262
611 31473
612 31700
613 31943
614 32196
615 32453
616 32708
617 32955
618 33191
619 33410
620 33633
621 33867
622 34114
623 34371
624 34635
625 34899
626 35159
627 35414
628 35661
629 35897
630 36141
631 36401
632 36674
633 36955
634 37236
635 37513
636 37781
637 38041
638 38296
639 38543
640 38805
641 39088
642 39390
643 39700
644 40008
645 40304
646 40586
647 40854
648 41114
649 41369
650 41643
651 41946
652 42273
653 42614
654 42953
655 43278
656 43580
657 43862
658 44130
659 44390
660 44673
661 44989
662 45337
663 45704
664 46075
665 46432
666 46764
667 47066
668 47348
669 47616
670 47904
671 48229
672 48590
673 48978
674 49375
675 49764
676 50128
677 50460
678 50762
679 51044
680 51340
681 51670
682 52040
683 52441
684 52859
685 53274
686 53670
687 54034
688 54366
689 54668
690 54978
691 55316
692 55691
693 56101
694 56532
695 56968
696 57390
697 57786
698 58150
699 58482
700 58813
701 59166
702 59550
703 59966
704 60407
705 60857
706 61301
707 61724
708 62120
709 62484
710 62846
711 63222
712 63623
713 64050
714 64499
715 64961
716 65421
717 65867
718 66290
719 66686
720 67081
721 67490
722 67917
723 68364
724 68827
725 69300
726 69774
727 70237
728 70683
729 71106
730 71534
731 71978
732 72441
733 72918
734 73405
735 73895
736 74382
737 74860
738 75323
739 75769
740 76225
741 76704
742 77205
743 77722
744 78243
745 78760
746 79266
747 79758
748 80236
749 80699
750 81179
751 81688
752 82227
753 82785
754 83349
755 83903
756 84438
757 84950
758 85442
759 85920
760 86418
761 86953
762 87524
763 88122
764 88729
765 89328
766 89902
767 90444
768 90956
769 91448
770 91962
771 92516
772 93114
773 93745
774 94393
775 95036
776 95656
777 96238
778 96780
779 97292
780 97820
781 98390
782 99007
783 99665
784 100346
785 101030
786 101694
787 102322
788 102904
789 103446
790 103994
791 104578
792 105211
793 105888
794 106596
795 107313
796 108018
797 108690
798 109318
799 109900
800 110479
801 111084
802 111732
803 112426
804 113154
805 113899
806 114638
807 115352
808 116025
809 116653
810 117273
811 117911
812 118582
813 119293
814 120040
815 120807
816 121576
817 122326
818 123042
819 123715
820 124382
821 125063
822 125770
823 126507
824 127274
825 128063
826 128857
827 129639
828 130392
829 131108
830 131821
831 132551
832 133304
833 134081
834 134878
835 135691
836 136510
837 137319
838 138105
839 138858
840 139615
841 140393
842 141198
843 142025
844 142867
845 143714
846 144560
847 145396
848 146210
849 146996
850 147791
851 148615
852 149471
853 150354
854 151250
855 152146
856 153029
857 153894
858 154736
859 155550
860 156379
861 157243
862 158148
863 159085
864 160040
865 160993
866 161928
867 162832
868 163704
869 164546
870 165404
871 166304
872 167251
873 168239
874 169250
875 170264
876 171258
877 172216
878 173128
879 174000
880 174887
881 175817
882 176801
883 177832
884 178895
885 179966
886 181022
887 182040
888 183007
889 183919
890 184836
891 185795
892 186809
893 187877
894 188983
895 190106
896 191219
897 192299
898 193326
899 194293
900 195251
901 196241
902 197285
903 198384
904 199528
905 200695
906 201861
907 202999
908 204089
909 205117
910 206131
911 207164
912 208241
913 209372
914 210549
915 211756
916 212968
917 214161
918 215311
919 216403
920 217479
921 218570
922 219693
923 220860
924 222072
925 223315
926 224570
927 225812
928 227019
929 228172
930 229313
931 230468
932 231652
933 232869
934 234121
935 235403
936 236698
937 237986
938 239244
939 240455
940 241658
941 242880
942 244131
943 245413
944 246720
945 248047
946 249385
947 250716
948 252022
949 253285
950 254547
951 255833
952 257154
953 258507
954 259884
955 261271
956 262658
957 264035
958 265386
959 266698
960 268013
961 269360
962 270748
963 272175
964 273627
965 275088
966 276539
967 277968
968 279367
969 280725
970 282090
971 283492
972 284944
973 286441
974 287970
975 289509
976 291037
977 292533
978 293986
979 295393
980 296805
981 298259
982 299768
983 301331
984 302932
985 304550
986 306158
987 307733
988 309255
989 310717
990 312179
991 313681
992 315243
993 316864
994 318532
995 320223
996 321911
997 323567
998 325169
999 326701
1000 328220
